stop_0 -176.1 -254.4 90
stop_1 -194.9 -244.5 -90
stop_2 -214.5 -80 0
stop_3 -214.6 -26.3 0
stop_4 -404.6 -101 0
stop_5 -395.4 -81.9 180
stop_6 -491.4 -30.3 90
stop_7 -475.5 -10.3 180
stop_8 -610.3 115.6 0
stop_9 -600.3 148.4 180
stop_10 -584.5 447.4 0
stop_11 -575.7 454.4 180
stop_12 -584.4 582.9 0
stop_13 -575.5 602.5 180
stop_14 -240.8 885.5 -90
stop_15 -227.4 875.4 90
stop_16 -170.5 663.8 180
stop_17 -179.6 650.2 0
stop_18 -170.6 512.5 180
stop_19 -179.4 497.4 0
stop_20 154.6 532.9 180
stop_21 145.5 518.8 0
stop_22 62.7 305.5 90
stop_23 48.9 314.3 -90
stop_24 -265.2 305.3 90
stop_25 -282.3 315.6 -90
stop_26 -437.1 305.3 90
stop_27 -456.2 314.6 -90
stop_28 114.5 -178.4 180
stop_29 104.2 -190.8 0
stop_30 -404.3 143.5 0
stop_31 -395.5 141.5 180
stop_32 -205.6 -13.8 180
stop_33 -205.3 -80 180
stop_34 28.8 184.8 -90
stop_35 38.1 175.9 90
stop_101 27.5 5 -90
stop_102 22.5 -5 90
